#Pile Up information for data and mc is stored seperately.
#PU-> PileUp : Please note that list is not complete at the moment
PU___data     = 1.18853e-06 2.74287e-06 8.38031e-06 0.0007267 0.0011491 0.00036409 0.00213803 0.00557276 0.0114691 0.0199821 0.0318304 0.0461193 0.0591876 0.0704091 0.0804423 0.08563 0.0803995 0.0687375 0.0582343 0.0509213 0.0456618 0.0413046 0.0372964 0.0334739 0.029756 0.0261063 0.0225522 0.0191562 0.0159852 0.0130959 0.0105283 0.00830287 0.0064216 0.00486988 0.00362068 0.00263878 0.00188497 0.0013196 0.000905231 0.000608408 0.000400573 0.000258316 0.000163128 0.000100866 6.10558e-05 3.6175e-05 2.09762e-05 1.19022e-05 6.60778e-06 3.58899e-06 1.90695e-06 9.91114e-07 5.03851e-07 2.50526e-07 1.21831e-07 5.79441e-08 2.69521e-08 1.22604e-08 5.45424e-09 2.37292e-09 1.00959e-09 4.20069e-10 1.70925e-10 6.80147e-11 2.64672e-11 1.00722e-11 3.74839e-12 1.36419e-12 4.85523e-13 1.68986e-13 5.7517e-14 1.91445e-14 6.23154e-15 1.98357e-15 6.17446e-16 1.87953e-16 5.59494e-17 1.62868e-17 4.63629e-18 1.29061e-18 3.51325e-19 9.35208e-20 2.43439e-20 6.19654e-21 1.54235e-21 3.75395e-22 8.93425e-23 2.07916e-23 4.73118e-24 1.05268e-24 2.29016e-25 4.87153e-26 1.01318e-26 2.06027e-27 4.09606e-28 7.96166e-29 1.51295e-29 2.81075e-30 5.10485e-31 0.000118605 
PU_WJetsToLNu_NoSub_mc     = 2.40308e-05 2.29978e-05 2.4357e-05 2.23997e-05 0.000463924 0.000464087 0.000708962 0.000932578 0.00122638 0.00159783 0.00248142 0.00325307 0.00499128 0.00667348 0.00853951 0.0112096 0.0151671 0.020318 0.0260734 0.031705 0.0367172 0.0405246 0.0433929 0.0452277 0.04633 0.0474326 0.0481644 0.048879 0.0491602 0.0490196 0.0484752 0.0470427 0.0450662 0.0423676 0.0389062 0.0352094 0.0311384 0.0269916 0.0228702 0.0188553 0.0150916 0.0116432 0.00869517 0.00616095 0.00422708 0.0027332 0.00168525 0.000984718 0.000552599 0.000295872 0.000142717 6.63836e-05 2.9087e-05 1.3429e-05 5.16498e-06 2.28347e-06 7.06787e-07 1.63105e-07 5.43682e-08 0 0 0 0 0 0 0 0 0 0 0 0 0 0 0 0 0 0 0 0 0 0 0 0 0 0 0 0 0 0 0 0 0 0 0 0 0 0 0 0 0 
PU_TTJets_SUMMER12_mc              = 1 1 1 1 1 1 1 1 1 1 1 1 1 1 1 1 1 1 1 1 1 1 1 1 1 1 1 1 1 1 1 1 1 1 1 1 1 1 1 1 1 1 1 1 1 1 1 1 1 1 1 1 1 1 1 1 1 1 1 1 1 1 1 1 1 1 1 1 1 1 1 1 1 1 1 1 1 1 1 1 1 1 1 1 1 1 1 1 1 1 1 1 1 1 1 1 1 1 1 1 1 1 1 1
PU_DYJets_M-50_mc     = 2.21266e-05 2.3407e-05 2.37352e-05 2.44247e-05 0.000469255 0.000470667 0.000704146 0.000945569 0.00123505 0.00160743 0.00245832 0.00324336 0.00503099 0.00662611 0.00849801 0.0112286 0.015193 0.0203054 0.0261076 0.0317147 0.0366599 0.0406354 0.0434136 0.0452206 0.0464273 0.0473758 0.0481061 0.048796 0.0491167 0.0490501 0.0484583 0.0470405 0.0450192 0.0422612 0.0389606 0.0351875 0.0312193 0.0270192 0.0228673 0.0188384 0.0151143 0.0116692 0.00866829 0.00617796 0.00421617 0.00274886 0.00169682 0.000993991 0.000551163 0.000288368 0.00014773 6.89734e-05 3.25005e-05 1.25078e-05 5.25261e-06 1.96973e-06 7.55063e-07 2.62631e-07 9.84865e-08 3.28288e-08 0 0 0 0 0 0 0 0 0 0 0 0 0 0 0 0 0 0 0 0 0 0 0 0 0 0 0 0 0 0 0 0 0 0 0 0 0 0 0 0 
PU_SingleTop_T-s-channel_mc     = 3.07738e-05 2.69271e-05 3.46206e-05 3.46206e-05 0.000530849 0.000461608 0.000696258 0.000992457 0.0013579 0.00161563 0.00266578 0.00306969 0.00495074 0.00646251 0.00867053 0.0112017 0.0152946 0.0206031 0.0255423 0.031724 0.036894 0.04101 0.042918 0.0455184 0.0466532 0.0473686 0.0481803 0.0482919 0.0490958 0.0488804 0.0478764 0.0476148 0.0457761 0.042314 0.0388712 0.034936 0.0312085 0.027131 0.022765 0.0184489 0.0149369 0.0117595 0.0088821 0.0061163 0.00409677 0.0026504 0.00178104 0.000969376 0.000488535 0.000296198 0.000134636 8.46281e-05 3.84673e-05 1.92337e-05 1.53869e-05 1.15402e-05 0 0 0 0 0 0 0 0 0 0 0 0 0 0 0 0 0 0 0 0 0 0 0 0 0 0 0 0 0 0 0 0 0 0 0 0 0 0 0 0 0 0 0 0 
PU_SingleTop_T-t-channel_mc     = 0 0 0 4.20575e-05 0.000546747 0.000630862 0.000672919 0.000714977 0.00105144 0.0016823 0.00298608 0.00323842 0.00479455 0.00698154 0.00824326 0.0116079 0.0157295 0.0202717 0.0247718 0.0317113 0.0370947 0.0401228 0.0427724 0.0445809 0.0506372 0.0491652 0.0466838 0.0480717 0.0489128 0.0476511 0.0473567 0.0458847 0.0450435 0.0431509 0.038104 0.0363797 0.0311225 0.0284308 0.023426 0.0191361 0.0139631 0.0113555 0.0084956 0.0062245 0.00407957 0.00285991 0.00164024 0.000967321 0.000546747 0.000210287 0.000126172 8.41149e-05 4.20575e-05 0 0 0 0 0 0 0 0 0 0 0 0 0 0 0 0 0 0 0 0 0 0 0 0 0 0 0 0 0 0 0 0 0 0 0 0 0 0 0 0 0 0 0 0 0 0 0 
PU_SingleTop_T-tW-channel_mc     = 2.41129e-05 2.00941e-05 2.00941e-05 3.01412e-05 0.00051441 0.000385807 0.000673153 0.00101274 0.00118555 0.00153519 0.00242335 0.00325525 0.00499339 0.00659288 0.00853598 0.0109895 0.0149018 0.0203373 0.0264358 0.031809 0.0368848 0.0408413 0.043126 0.0451294 0.0469238 0.0479627 0.048887 0.0488629 0.0487624 0.0490136 0.0477095 0.0463632 0.0451816 0.0422057 0.0382833 0.0353375 0.0316121 0.0270346 0.0232368 0.0185067 0.0152474 0.0116807 0.00864248 0.00604833 0.00424991 0.00264037 0.00178637 0.00109111 0.000524457 0.000303421 0.000138649 6.63106e-05 2.61224e-05 1.20565e-05 0 2.00941e-06 0 0 0 0 0 0 0 0 0 0 0 0 0 0 0 0 0 0 0 0 0 0 0 0 0 0 0 0 0 0 0 0 0 0 0 0 0 0 0 0 0 0 0 0 
PU_SingleTop_Tbar-s-channel_mc     = 1.42884e-05 3.57209e-05 7.14418e-06 4.28651e-05 0.000407218 0.000507237 0.000635832 0.000878735 0.00118593 0.00162887 0.0023933 0.00339349 0.00536528 0.00692271 0.00854444 0.0107806 0.0151528 0.0203895 0.0262692 0.0316416 0.035971 0.0406504 0.0432366 0.0451227 0.0465515 0.0479303 0.0463586 0.0486662 0.0505951 0.0480946 0.0484519 0.0462157 0.0453156 0.0431723 0.0388144 0.0358066 0.0320345 0.0269193 0.0230114 0.0187892 0.0149456 0.0118736 0.0088445 0.00592253 0.00419364 0.00280766 0.001536 0.00100733 0.000550102 0.000200037 0.000128595 5.71535e-05 2.14326e-05 7.14418e-06 0 0 0 0 0 0 0 0 0 0 0 0 0 0 0 0 0 0 0 0 0 0 0 0 0 0 0 0 0 0 0 0 0 0 0 0 0 0 0 0 0 0 0 0 0 0 
PU_SingleTop_Tbar-t-channel_mc     = 2.33665e-05 2.95518e-05 2.26793e-05 2.26793e-05 0.000443277 0.000483825 0.000723676 0.000961464 0.00119376 0.00158343 0.00236964 0.00317441 0.00508566 0.00659143 0.00843051 0.0111575 0.0153236 0.0202251 0.0262551 0.0318335 0.0367638 0.0405416 0.0433051 0.045173 0.0465468 0.047364 0.0481145 0.0487213 0.0492938 0.0492443 0.0482876 0.0469475 0.0452053 0.0422838 0.0385596 0.0351502 0.0314074 0.0269849 0.0227006 0.0190025 0.0150666 0.0117829 0.00866624 0.00621413 0.0041778 0.00274213 0.00167552 0.00101095 0.000553924 0.000300329 0.000158068 6.87251e-05 3.02391e-05 1.30578e-05 6.18526e-06 1.3745e-06 0 0 0 0 0 0 0 0 0 0 0 0 0 0 0 0 0 0 0 0 0 0 0 0 0 0 0 0 0 0 0 0 0 0 0 0 0 0 0 0 0 0 0 0 
PU_SingleTop_Tbar-tW-channel_mc     = 3.16817e-05 3.16817e-05 1.68969e-05 1.47848e-05 0.000513243 0.00050057 0.000663203 0.000868078 0.00114265 0.00159676 0.00231699 0.00303299 0.00482406 0.00664048 0.00846323 0.0111519 0.0151354 0.0202847 0.0263211 0.0318168 0.0362607 0.0406117 0.0429434 0.0454906 0.0463207 0.0480294 0.04887 0.0486715 0.0494149 0.0495755 0.0492312 0.0473746 0.0445508 0.0416149 0.0385925 0.03523 0.0312529 0.0269864 0.0226883 0.0190343 0.0147806 0.0118489 0.00852237 0.00610611 0.00411439 0.00275419 0.00168969 0.000994804 0.000496346 0.000308368 0.000166857 5.91391e-05 3.37938e-05 1.05606e-05 2.11211e-06 0 0 0 0 0 0 0 0 0 0 0 0 0 0 0 0 0 0 0 0 0 0 0 0 0 0 0 0 0 0 0 0 0 0 0 0 0 0 0 0 0 0 0 0 0 

#Until we get the correct PU dists, the PU weights obtained by hannes
#will be used
oldPU_TTJets_v2_mc              = 0.0889911 0.112955 0.313737 26.0229 2.57882 0.782959 3.0153 5.55673 9.37127 12.3371 12.9336 14.2747 11.8379 10.6152 9.50972 7.83546 5.32007 3.41397 2.22919 1.61513 1.24712 1.01791 0.864814 0.743805 0.643148 0.553029 0.467613 0.392798 0.327386 0.268145 0.216011 0.176444 0.143414 0.115589 0.0928592 0.0740221 0.0603056 0.048076 0.0391787 0.0321754 0.0264891 0.0217474 0.0182549 0.0156011 0.0142295 0.0134573 0.011882 0.01174 0.0112678 0.0130219 0.0124651 0.0143211 0.0122054 0.0158722 0.0143348 0.0477242 0 0.0100979 0 0 0 0 0 0 0 0 0 0 0 0 0 0 0 0 0 0 0 0 0 0 0 0 0 0 0 0 0 0 0 0 0 0 0 0 0 0 0 0 0 0 

oldPU_WJetsToLNu_NoSub_mc          = 1 1 1 1 1 1 1 1 1 1 1 1 1 1 1 1 1 1 1 1 1 1 1 1 1 1 1 1 1 1 1 1 1 1 1 1 1 1 1 1 1 1 1 1 1 1 1 1 1 1 1 1 1 1 1 1 1 1 1 1 1 1 1 1 1 1 1 1 1 1 1 1 1 1 1 1 1 1 1 1 1 1 1 1 1 1 1 1 1 1 1 1 1 1 1 1 1 1 1 1 1 1 1 1 

oldPU_TTJets_SUMMER12_mc              =0.000347516 0.000262356 0.000339637 0.0171791 0.0197211 0.00528439 0.0293857 0.0778086 0.171968 0.329851 0.58503 0.937247 1.32537 1.70361 2.09257 2.38844 2.40111 2.2218 2.05154 1.97093 1.95169 1.99748 2.06121 2.149 2.2325 2.3776 2.52574 2.70308 2.88466 3.12024 3.42444 3.66713 4.03799 4.54604 4.98391 5.44977 6.35034 6.75373 7.49434 8.99643 9.7796 11.4003 13.3702 12.5804 18.4366 12.9717 20.0578 34.1431 37.9108 0 0 0 0 0 0 0 0 0 0 0 0 0 0 0 0 0 0 0 0 0 0 0 0 0 0 0 0 0 0 0 0 0 0 0 0 0 0 0 0 0 0 0 0 0 0 0 0 0 0 0 

oldPU_DYJets_M-50_mc              = 0.055008 0.115228 0.359666 30.5288 2.4603 0.779311 3.06088 5.94775 9.32298 12.4882 12.9937 14.2898 11.8427 10.6384 9.48289 7.65684 5.30776 3.39922 2.2391 1.61038 1.24963 1.01947 0.860685 0.742358 0.642187 0.551993 0.469546 0.393121 0.325782 0.266911 0.217132 0.176432 0.142485 0.114955 0.09275 0.0748158 0.0601355 0.0486469 0.0393623 0.0321341 0.0262887 0.0219639 0.0186601 0.0161606 0.0143782 0.0130226 0.0121689 0.0118871 0.0117682 0.0122179 0.0126928 0.0139956 0.0159287 0.0215465 0.0216377 0.0287683 0.0327098 0.0446385 0.0595747 0.051837 0 0 0 0 0 0 0 0 0 0 0 0 0 0 0 0 0 0 0 0 0 0 0 0 0 0 0 0 0 0 0 0 0 0 0 0 0 0 0 0 

oldPU_SingleTop_T-s-channel_mc     = 1 1 1 1 1 1 1 1 1 1 1 1 1 1 1 1 1 1 1 1 1 1 1 1 1 1 1 1 1 1 1 1 1 1 1 1 1 1 1 1 1 1 1 1 1 1 1 1 1 1 1 1 1 1 1 1 1 1 1 1 1 1 1 1 1 1 1 1 1 1 1 1 1 1 1 1 1 1 1 1 1 1 1 1 1 1 1 1 1 1 1 1 1 1 1 1 1 1 1 1 1 1 1 1
oldPU_SingleTop_T-t-channel_mc     = 1 1 1 1 1 1 1 1 1 1 1 1 1 1 1 1 1 1 1 1 1 1 1 1 1 1 1 1 1 1 1 1 1 1 1 1 1 1 1 1 1 1 1 1 1 1 1 1 1 1 1 1 1 1 1 1 1 1 1 1 1 1 1 1 1 1 1 1 1 1 1 1 1 1 1 1 1 1 1 1 1 1 1 1 1 1 1 1 1 1 1 1 1 1 1 1 1 1 1 1 1 1 1 1
oldPU_SingleTop_T-tW-channel_mc    = 1 1 1 1 1 1 1 1 1 1 1 1 1 1 1 1 1 1 1 1 1 1 1 1 1 1 1 1 1 1 1 1 1 1 1 1 1 1 1 1 1 1 1 1 1 1 1 1 1 1 1 1 1 1 1 1 1 1 1 1 1 1 1 1 1 1 1 1 1 1 1 1 1 1 1 1 1 1 1 1 1 1 1 1 1 1 1 1 1 1 1 1 1 1 1 1 1 1 1 1 1 1 1 1
oldPU_SingleTop_Tbar-s-channel_mc  =  1 1 1 1 1 1 1 1 1 1 1 1 1 1 1 1 1 1 1 1 1 1 1 1 1 1 1 1 1 1 1 1 1 1 1 1 1 1 1 1 1 1 1 1 1 1 1 1 1 1 1 1 1 1 1 1 1 1 1 1 1 1 1 1 1 1 1 1 1 1 1 1 1 1 1 1 1 1 1 1 1 1 1 1 1 1 1 1 1 1 1 1 1 1 1 1 1 1 1 1 1 1 1 1
oldPU_SingleTop_Tbar-t-channel_mc  =  1 1 1 1 1 1 1 1 1 1 1 1 1 1 1 1 1 1 1 1 1 1 1 1 1 1 1 1 1 1 1 1 1 1 1 1 1 1 1 1 1 1 1 1 1 1 1 1 1 1 1 1 1 1 1 1 1 1 1 1 1 1 1 1 1 1 1 1 1 1 1 1 1 1 1 1 1 1 1 1 1 1 1 1 1 1 1 1 1 1 1 1 1 1 1 1 1 1 1 1 1 1 1 1
oldPU_SingleTop_Tbar-tW-channel_mc =  1 1 1 1 1 1 1 1 1 1 1 1 1 1 1 1 1 1 1 1 1 1 1 1 1 1 1 1 1 1 1 1 1 1 1 1 1 1 1 1 1 1 1 1 1 1 1 1 1 1 1 1 1 1 1 1 1 1 1 1 1 1 1 1 1 1 1 1 1 1 1 1 1 1 1 1 1 1 1 1 1 1 1 1 1 1 1 1 1 1 1 1 1 1 1 1 1 1 1 1 1 1 1 1
